nodenumber     x-coordinate     y-coordinate     x-wall-shear     y-wall-shear 
         1 -2.470599375E-02 -1.454924036E-01 -6.830578672E-02 -1.013433135E-03 
         2 -2.380525942E-02 -1.454640989E-01 -1.224885773E-01 -1.715367374E-02 
         3 -2.557667685E-02 -1.452601881E-01  1.621386172E-01 -1.059860085E-01 
         4 -2.293329707E-02 -1.452366178E-01 -1.136875285E-01 -3.960431634E-02 
         5 -2.210826891E-02 -1.448740904E-01 -5.812816552E-02 -2.588931910E-02 
         6 -2.633401808E-02 -1.447718447E-01  3.889330623E-01 -3.534251375E-01 
         7 -2.132966240E-02 -1.444203887E-01  1.926073049E-02  1.380188529E-02 
         8 -2.693868633E-02 -1.441036325E-01  4.134155011E-01 -5.610611022E-01 
         9 -2.059182082E-02 -1.439027003E-01  2.840731209E-02  2.061404187E-02 
        10 -1.988924920E-02 -1.433384255E-01  9.850480427E-03  8.188843844E-03 
        11 -2.740526692E-02 -1.433327136E-01  3.138624322E-01 -5.995067942E-01 
        12 -1.921674015E-02 -1.427386387E-01  3.967876270E-03  3.605230395E-03 
        13 -2.776355561E-02 -1.425058402E-01  2.034087511E-01 -5.340451362E-01 
        14 -1.857019531E-02 -1.421109506E-01 -1.843048112E-02 -1.926836813E-02 
        15 -2.803895347E-02 -1.416477596E-01  1.300775516E-01 -4.572169691E-01 
        16 -1.794625821E-02 -1.414606804E-01 -5.707653983E-02 -6.195417360E-02 
        17 -1.734224810E-02 -1.407917332E-01 -9.408338774E-02 -1.075955975E-01 
        18 -2.824998062E-02 -1.407715589E-01  8.180248582E-02 -3.839856463E-01 
        19 -1.675615782E-02 -1.401072545E-01 -1.101440717E-01 -1.316655880E-01 
        20 -2.840975191E-02 -1.398847180E-01  5.128522870E-02 -3.242238627E-01 
        21 -1.618602731E-02 -1.394093297E-01 -9.365079611E-02 -1.167455158E-01 
        22 -2.852776380E-02 -1.389913609E-01  3.130703878E-02 -2.746426724E-01 
        23 -1.563045313E-02 -1.386998578E-01 -4.488088726E-02 -5.756783831E-02 
        24 -2.861097906E-02 -1.380940935E-01  1.818321699E-02 -2.347014680E-01 
        25 -1.508812706E-02 -1.379802082E-01  1.646991996E-02  2.287994012E-02 
        26 -1.455797139E-02 -1.372515149E-01  7.619847429E-02  1.072161232E-01 
        27 -2.866464895E-02 -1.371945746E-01  9.396970505E-03 -2.020895808E-01 
        28 -1.403905901E-02 -1.365146986E-01  1.345248918E-01  1.945006467E-01 
        29 -2.869282533E-02 -1.362938972E-01  3.464505174E-03 -1.753126135E-01 
        30 -1.353068874E-02 -1.357706733E-01  1.684617135E-01  2.502766700E-01 
        31 -2.869869968E-02 -1.353927983E-01 -5.654858290E-04 -1.528531512E-01 
        32 -1.303212830E-02 -1.350200399E-01  1.725086353E-01  2.631439195E-01 
        33 -2.868482874E-02 -1.344916647E-01 -3.290247799E-03 -1.339286035E-01 
        34 -1.254276273E-02 -1.342633423E-01  1.403382520E-01  2.192288820E-01 
        35 -2.865330227E-02 -1.335910838E-01 -5.100388659E-03 -1.177668678E-01 
        36 -1.206148746E-02 -1.335001399E-01  8.529501683E-02  1.363731533E-01 
        37 -1.158869454E-02 -1.327321972E-01  3.518756561E-02  5.738974498E-02 
        38 -2.860584036E-02 -1.326912166E-01 -6.268449112E-03 -1.038840561E-01 
        39 -1.112404105E-02 -1.319600323E-01  7.805118914E-04  1.095215388E-03 
        40 -2.854385117E-02 -1.317919555E-01 -6.972615739E-03 -9.184315183E-02 
        41 -1.066686415E-02 -1.311835002E-01 -8.183154213E-03 -1.399625887E-02 
        42 -2.846856866E-02 -1.308938346E-01 -7.343909344E-03 -8.132653976E-02 
        43 -1.021679730E-02 -1.304028255E-01 -4.641097366E-03 -8.119542117E-03 
        44 -2.838103494E-02 -1.299969783E-01 -7.496789250E-03 -7.233081194E-02 
        45 -9.773109948E-03 -1.296174840E-01 -1.577750872E-02 -2.841010216E-02 
        46 -2.828212806E-02 -1.291013023E-01 -7.463133253E-03 -6.430025912E-02 
        47 -9.335973897E-03 -1.288284539E-01 -3.962662428E-02 -7.241683856E-02 
        48 -2.817261485E-02 -1.282068169E-01 -7.290794817E-03 -5.707311895E-02 
        49 -8.905503709E-03 -1.280365966E-01 -2.689349279E-02 -4.950856533E-02 
        50 -2.805317446E-02 -1.273136044E-01 -7.042144944E-03 -5.075830023E-02 
        51 -8.481211728E-03 -1.272416190E-01  1.255618173E-02  2.398809788E-02 
        52 -8.062813084E-03 -1.264435239E-01  2.619430785E-02  5.038705483E-02 
        53 -2.792440569E-02 -1.264217346E-01 -6.731635145E-03 -4.513713811E-02 
        54 -7.650128933E-03 -1.256424591E-01  1.849458720E-02  3.609913251E-02 
        55 -2.778682569E-02 -1.255311812E-01 -6.368977144E-03 -4.005503222E-02 
        56 -7.242994890E-03 -1.248385547E-01  1.152096147E-02  2.293408091E-02 
        57 -2.764089842E-02 -1.246419576E-01 -5.985909225E-03 -3.553981920E-02 
        58 -6.841257868E-03 -1.240319221E-01  1.297568026E-02  2.629977935E-02 
        59 -2.748695572E-02 -1.237536138E-01 -5.556506857E-03 -3.132348624E-02 
        60 -6.444798963E-03 -1.232227044E-01  1.773166641E-02  3.653538600E-02 
        61 -2.732482669E-02 -1.228633184E-01 -5.110897252E-03 -2.746572849E-02 
        62 -6.053486436E-03 -1.224109856E-01  2.117040329E-02  4.427573721E-02 
        63 -2.715572575E-02 -1.219760266E-01 -4.677206913E-03 -2.406313624E-02 
        64 -5.667208330E-03 -1.215968590E-01  2.233230669E-02  4.745094001E-02 
        65 -2.697988443E-02 -1.210911955E-01 -4.201056223E-03 -2.076101562E-02 
        66 -5.285862686E-03 -1.207804102E-01  2.174833880E-02  4.690613606E-02 
        67 -2.679757331E-02 -1.202086989E-01 -3.747011762E-03 -1.783388321E-02 
        68 -4.909356666E-03 -1.199617185E-01  1.666371976E-02  3.644967209E-02 
        69 -2.660884770E-02 -1.193275655E-01 -3.305206182E-03 -1.519302996E-02 
        70 -4.537605714E-03 -1.191408566E-01  6.152009382E-03  1.357587070E-02 
        71 -2.641392652E-02 -1.184477819E-01 -2.873501786E-03 -1.278051079E-02 
        72 -4.170533116E-03 -1.183178921E-01 -9.438763501E-03 -2.147516620E-02 
        73 -2.621295742E-02 -1.175691160E-01 -2.426116522E-03 -1.046651871E-02 
        74 -3.808069246E-03 -1.174928873E-01 -2.833486286E-02 -6.515244358E-02 
        75 -2.600552650E-02 -1.166890898E-01 -1.970365018E-03 -8.253842711E-03 
        76 -3.450151152E-03 -1.166659002E-01 -4.716935041E-02 -1.099625071E-01 
        77 -3.096722171E-03 -1.158369846E-01 -6.536528313E-02 -1.546198382E-01 
        78 -2.579254721E-02 -1.158109599E-01 -1.502286716E-03 -6.125634940E-03 
        79 -2.747733239E-03 -1.150061899E-01 -8.013126703E-02 -1.922864524E-01 
        80 -2.557423377E-02 -1.149349219E-01 -1.022729237E-03 -4.062686399E-03 
        81 -2.403142253E-03 -1.141735614E-01 -9.168223555E-02 -2.233017886E-01 
        82 -2.535087647E-02 -1.140614990E-01 -6.333019091E-04 -2.454529904E-03 
        83 -2.062528234E-03 -1.133381922E-01 -1.009409236E-01 -2.494806350E-01 
        84 -2.512239078E-02 -1.131897999E-01 -2.220939712E-04 -8.480423726E-04 
        85 -1.725595590E-03 -1.124994171E-01 -1.066349453E-01 -2.675138441E-01 
        86 -2.488880727E-02 -1.123194827E-01  2.274778336E-04  8.292023577E-04 
        87 -1.392427253E-03 -1.116574775E-01 -1.103933183E-01 -2.811131011E-01 
        88 -2.465022568E-02 -1.114505223E-01  6.289789960E-04  2.258545690E-03 
        89 -1.063106352E-03 -1.108126145E-01 -1.118246353E-01 -2.890794127E-01 
        90 -2.440674394E-02 -1.105829222E-01  1.006410302E-03  3.541670447E-03 
        91 -7.377162682E-04 -1.099650685E-01 -1.112892082E-01 -2.920933482E-01 
        92 -2.415845151E-02 -1.097166865E-01  1.384115331E-03  4.773262091E-03 
        93 -4.163406715E-04 -1.091150795E-01 -1.090792784E-01 -2.907092121E-01 
        94 -2.390543029E-02 -1.088518204E-01  1.759843906E-03  5.950184195E-03 
        95 -9.906357002E-05 -1.082628868E-01 -1.052843384E-01 -2.849589320E-01 
        96 -2.364775430E-02 -1.079883296E-01  2.129967695E-03  7.063690796E-03 
        97  2.140306472E-04 -1.074087296E-01 -1.003589406E-01 -2.759065689E-01 
        98 -2.338548861E-02 -1.071262218E-01  2.499831689E-03  8.135389976E-03 
        99  5.228571647E-04 -1.065528468E-01 -9.461579166E-02 -2.642540585E-01 
       100 -2.311867797E-02 -1.062654618E-01  2.859467005E-03  9.136299020E-03 
       101  8.273306944E-04 -1.056954768E-01 -8.769183962E-02 -2.488551968E-01 
       102 -2.284722929E-02 -1.054056047E-01  3.216040380E-03  1.009204976E-02 
       103  1.127365430E-03 -1.048368581E-01 -8.056770957E-02 -2.323876618E-01 
       104 -2.257057010E-02 -1.045447769E-01  3.568982599E-03  1.100388589E-02 
       105  1.422874997E-03 -1.039772289E-01 -7.374860543E-02 -2.162473731E-01 
       106 -2.228888739E-02 -1.036835539E-01  3.901170963E-03  1.182164878E-02 
       107  1.713772408E-03 -1.031168273E-01 -6.674340977E-02 -1.990052318E-01 
       108 -2.200241898E-02 -1.028226411E-01  4.231439823E-03  1.260582724E-02 
       109  1.999970009E-03 -1.022558916E-01 -6.001781105E-02 -1.820299868E-01 
       110 -2.171125344E-02 -1.019622770E-01  4.566392455E-03  1.337801922E-02 
       111  2.281379428E-03 -1.013946601E-01 -5.326811298E-02 -1.643709076E-01 
       112 -2.141547883E-02 -1.011026996E-01  4.913112458E-03  1.415832855E-02 
       113  2.557745521E-03 -1.005338927E-01 -4.663319660E-02 -1.464699363E-01 
       114 -2.111518266E-02 -1.002441472E-01  5.235014622E-03  1.484404681E-02 
       115  2.828931637E-03 -9.967400627E-02 -4.113658482E-02 -1.315713114E-01 
       116 -2.081045190E-02 -9.938685769E-02  5.542418486E-03  1.546548323E-02 
       117  3.095491753E-03 -9.881317707E-02 -3.647140783E-02 -1.188279882E-01 
       118 -2.050137302E-02 -9.853106940E-02  5.832994037E-03  1.602186538E-02 
       119  3.357506722E-03 -9.795099298E-02 -3.199826506E-02 -1.062472662E-01 
       120 -2.018803193E-02 -9.767702058E-02  6.126408959E-03  1.656576465E-02 
       121  3.614927604E-03 -9.708742609E-02 -2.785127252E-02 -9.430506081E-02 
       122 -1.987051407E-02 -9.682494978E-02  6.457807742E-03  1.719388805E-02 
       123  3.867687509E-03 -9.622248351E-02 -2.438194891E-02 -8.424362375E-02 
       124 -1.954890433E-02 -9.597509582E-02  6.750795851E-03  1.770106225E-02 
       125  4.115691538E-03 -9.535624525E-02 -2.148950535E-02 -7.581286710E-02 
       126 -1.922328709E-02 -9.512769794E-02  7.006636205E-03  1.809457837E-02 
       127  4.357747822E-03 -9.449272575E-02 -1.901241888E-02 -6.853035796E-02 
       128 -1.889374626E-02 -9.428299584E-02  7.278206064E-03  1.851359860E-02 
       129  4.586707841E-03 -9.365822150E-02 -1.683217758E-02 -6.198475488E-02 
       130 -1.856036523E-02 -9.344122977E-02  7.597271186E-03  1.903657892E-02 
       131  4.800269857E-03 -9.286308345E-02 -1.502299593E-02 -5.651229738E-02 
       132 -1.822322688E-02 -9.260264064E-02  7.868823038E-03  1.942574662E-02 
       133  4.999152942E-03 -9.210689096E-02 -1.354494602E-02 -5.202381157E-02 
       134 -1.788241362E-02 -9.176747014E-02  8.098925063E-03  1.969748994E-02 
       135  5.184396659E-03 -9.138784893E-02 -1.220848932E-02 -4.786332504E-02 
       136 -1.753758200E-02 -9.093494131E-02  8.344936454E-03  1.999630704E-02 
       137  5.356965809E-03 -9.070423398E-02 -1.106716680E-02 -4.427560485E-02 
       138 -1.718835009E-02 -9.010424875E-02  8.571751266E-03  2.023611804E-02 
       139  5.517756211E-03 -9.005439201E-02 -1.016653270E-02 -4.149268434E-02 
       140  5.667600017E-03 -8.943673562E-02 -9.407771131E-03 -3.915320062E-02 
       141 -1.683467389E-02 -8.927543864E-02  8.805534361E-03  2.047968557E-02 
       142  5.807278310E-03 -8.884970839E-02 -8.701822183E-03 -3.691903119E-02 
       143 -1.647650345E-02 -8.844856072E-02  9.035290386E-03  2.070158360E-02 
       144  5.936539381E-03 -8.829604342E-02 -8.078032600E-03 -3.475776556E-02 
       145  6.066117322E-03 -8.773575345E-02 -7.611951409E-03 -3.291378134E-02 
       146 -1.611378265E-02 -8.762366882E-02  9.220018708E-03  2.080935681E-02 
       147  6.195871354E-03 -8.717470207E-02 -7.180105692E-03 -3.104649728E-02 
       148 -1.575019524E-02 -8.680915036E-02  9.433460971E-03  2.097270493E-02 
       149  6.325708504E-03 -8.661329130E-02 -6.758702273E-03 -2.922436532E-02 
       150  6.455517415E-03 -8.605200263E-02 -6.470202437E-03 -2.797690327E-02 
       151 -1.538260136E-02 -8.599796787E-02  9.613830997E-03  2.105463576E-02 
       152  6.585213376E-03 -8.549120234E-02 -6.224839005E-03 -2.691596135E-02 
       153 -1.501592103E-02 -8.520090352E-02  9.772696576E-03  2.108208586E-02 
       154  6.714766610E-03 -8.493101920E-02 -5.995562114E-03 -2.592457700E-02 
       155 -1.465001956E-02 -8.441737231E-02  9.918773383E-03  2.108057310E-02 
       156  6.844254441E-03 -8.437111887E-02 -5.765711505E-03 -2.493071192E-02 
       157  6.973750921E-03 -8.381118113E-02 -5.568616424E-03 -2.407848047E-02 
       158 -1.429194508E-02 -8.366187149E-02  9.898180749E-03  2.073206727E-02 
       159  7.103297202E-03 -8.325102806E-02 -5.389079924E-03 -2.330217164E-02 
       160 -1.399708939E-02 -8.304801154E-02  9.886752646E-03  2.045872758E-02 
       161  7.232957023E-03 -8.269038404E-02 -5.232846198E-03 -2.262662310E-02 
       162 -1.371902456E-02 -8.247586162E-02  9.996777326E-03  2.045137034E-02 
       163  7.362761732E-03 -8.212911354E-02 -5.095555717E-03 -2.203298440E-02 
       164 -1.345263682E-02 -8.193382791E-02  9.965199742E-03  2.016692316E-02 
       165  7.492600082E-03 -8.156769758E-02 -4.959351664E-03 -2.144404338E-02 
       166 -1.319519359E-02 -8.141560806E-02  9.737363975E-03  1.954547283E-02 
       167  7.622360711E-03 -8.100661767E-02 -4.867285295E-03 -2.104595199E-02 
       168 -1.297395015E-02 -8.097261521E-02  9.752169387E-03  1.952664163E-02 
       169 -1.271672452E-02 -8.045757568E-02  9.884824425E-03  1.979225508E-02 
       170  7.751940374E-03 -8.044632026E-02 -4.829239092E-03 -2.088144169E-02 
       171 -1.245930363E-02 -7.994214519E-02  9.826648227E-03  1.967576964E-02 
       172  7.881585888E-03 -7.988573810E-02 -4.801869119E-03 -2.076309500E-02 
       173 -1.220190801E-02 -7.942676529E-02  9.825150058E-03  1.967276988E-02 
       174  8.011384068E-03 -7.932449583E-02 -4.793969779E-03 -2.072893856E-02 
       175 -1.194472389E-02 -7.891180888E-02  9.882609707E-03  1.978782058E-02 
       176  8.141223690E-03 -7.876307436E-02 -4.776535758E-03 -2.065355453E-02 
       177 -1.168781293E-02 -7.839739942E-02  9.931006194E-03  1.988472424E-02 
       178  8.270993388E-03 -7.820195525E-02 -4.729178543E-03 -2.044878378E-02 
       179 -1.143107494E-02 -7.788333630E-02  9.908239097E-03  1.983913798E-02 
       180  8.400590843E-03 -7.764158090E-02 -4.671713926E-03 -2.020030901E-02 
       181 -1.117432671E-02 -7.736925267E-02  9.920497240E-03  1.986368229E-02 
       182  8.530102887E-03 -7.708157587E-02 -4.601071373E-03 -1.989485337E-02 
       183 -1.091748603E-02 -7.685498391E-02  9.960522540E-03  1.994382443E-02 
       184  8.659593019E-03 -7.652166558E-02 -4.542290242E-03 -1.964068605E-02 
       185 -1.066045200E-02 -7.634032801E-02  1.001175849E-02  2.004641351E-02 
       186  8.789080850E-03 -7.596176524E-02 -4.498559905E-03 -1.945159777E-02 
       187 -1.040311268E-02 -7.582506086E-02  1.009391771E-02  2.021091984E-02 
       188  8.918669836E-03 -7.540142752E-02 -4.481988316E-03 -1.937994287E-02 
       189 -1.014567575E-02 -7.530959825E-02  1.008031429E-02  2.018368188E-02 
       190  9.048407775E-03 -7.484044572E-02 -4.497949419E-03 -1.944895806E-02 
       191 -9.888361963E-03 -7.479438221E-02  1.012346773E-02  2.027008745E-02 
       192 -9.631391656E-03 -7.427985391E-02  1.012413076E-02  2.027141504E-02 
       193  9.178238105E-03 -7.427906443E-02 -4.529205713E-03 -1.958410905E-02 
       194 -9.374401168E-03 -7.376528521E-02  1.013442912E-02  2.029203532E-02 
       195  9.308060415E-03 -7.371771782E-02 -4.578237880E-03 -1.979612223E-02 
       196 -9.117077096E-03 -7.325004857E-02  1.018859527E-02  2.040049149E-02 
       197  9.437763399E-03 -7.315688717E-02 -4.629658402E-03 -2.001846256E-02 
       198 -8.859639814E-03 -7.273458526E-02  1.021547497E-02  2.045431237E-02 
       199  9.567311721E-03 -7.259672528E-02 -4.687113371E-03 -2.026689561E-02 
       200 -8.602310079E-03 -7.221933729E-02  1.028374227E-02  2.059100307E-02 
       201  9.697027327E-03 -7.203584005E-02 -4.765409993E-03 -2.060544715E-02 
       202 -8.345308284E-03 -7.170474594E-02  1.032980791E-02  2.068323971E-02 
       203  9.826854042E-03 -7.147447439E-02 -4.842471562E-03 -2.093865838E-02 
       204 -8.088515866E-03 -7.119057383E-02  1.040525431E-02  2.083430506E-02 
       205  9.956680544E-03 -7.091310965E-02 -4.934801861E-03 -2.133789099E-02 
       206 -7.831770456E-03 -7.067649584E-02  1.043199074E-02  2.088783907E-02 
       207  1.008640217E-02 -7.035219840E-02 -5.036865138E-03 -2.177920863E-02 
       208 -7.575032468E-03 -7.016243272E-02  1.046125681E-02  2.094643814E-02 
       209  1.021600510E-02 -6.979180039E-02 -5.117210429E-03 -2.212661853E-02 
       210 -7.318144784E-03 -6.964806986E-02  1.052752139E-02  2.107911884E-02 
       211  1.034550139E-02 -6.923186348E-02 -5.200895324E-03 -2.248846876E-02 
       212 -7.060945246E-03 -6.913308257E-02  1.052088256E-02  2.106582599E-02 
       213  1.047498922E-02 -6.867196314E-02 -5.288306297E-03 -2.286643040E-02 
       214 -6.803543791E-03 -6.861769100E-02  1.053054086E-02  2.108516467E-02 
       215  1.060453315E-02 -6.811182021E-02 -5.377926276E-03 -2.325394370E-02 
       216 -6.546126924E-03 -6.810226856E-02  1.058504509E-02  2.119429779E-02 
       217 -6.288915333E-03 -6.758725714E-02  1.065334400E-02  2.133105182E-02 
       218  1.073416334E-02 -6.755130434E-02 -5.469431790E-03 -2.364960998E-02 
       219 -6.032041550E-03 -6.707292212E-02  1.065489129E-02  2.133414992E-02 
       220  1.086394208E-02 -6.699014612E-02 -5.565992844E-03 -2.406713621E-02 
       221 -5.774901154E-03 -6.655805325E-02  1.067602834E-02  2.137647237E-02 
       222  1.099378245E-02 -6.642872140E-02 -5.655144756E-03 -2.445262561E-02 
       223 -5.517509139E-03 -6.604268058E-02  1.072817082E-02  2.148087658E-02 
       224  1.112357309E-02 -6.586751174E-02 -5.744604039E-03 -2.483944406E-02 
       225 -5.260086110E-03 -6.552724580E-02  1.077884200E-02  2.158233482E-02 
       226  1.125320280E-02 -6.530699795E-02 -5.838232113E-03 -2.524428821E-02 
       227 -5.002848844E-03 -6.501218298E-02  1.081006099E-02  2.164484420E-02 
       228  1.138279249E-02 -6.474665718E-02 -5.910267577E-03 -2.555576675E-02 
       229 -4.745848690E-03 -6.449759492E-02  1.081225183E-02  2.164923088E-02 
       230  1.151256274E-02 -6.418553566E-02 -6.005329110E-03 -2.596680911E-02 
       231 -4.489081683E-03 -6.398347369E-02  1.083068711E-02  2.168614362E-02 
       232  1.164240242E-02 -6.362411393E-02 -6.110338103E-03 -2.642086391E-02 
       233 -4.232343694E-03 -6.346941056E-02  1.089499716E-02  2.181491078E-02 
       234  1.177220075E-02 -6.306287099E-02 -6.206514311E-03 -2.683672608E-02 
       235 -3.975520123E-03 -6.295517607E-02  1.094807850E-02  2.192119485E-02 
       236  1.190185314E-02 -6.250225914E-02 -6.307443890E-03 -2.727314165E-02 
       237 -3.718527547E-03 -6.244060319E-02  1.101766621E-02  2.206052943E-02 
       238  1.203134857E-02 -6.194232594E-02 -6.407510149E-03 -2.770582426E-02 
       239 -3.461248339E-03 -6.192545638E-02  1.112506509E-02  2.227557280E-02 
       240 -3.203815316E-03 -6.141000160E-02  1.114117548E-02  2.230783042E-02 
       241  1.216083640E-02 -6.138242561E-02 -6.509065645E-03 -2.814494627E-02 
       242 -2.946449226E-03 -6.089468083E-02  1.117889049E-02  2.238334670E-02 
       243  1.229032423E-02 -6.082252527E-02 -6.611279664E-03 -2.858691570E-02 
       244 -2.689370583E-03 -6.037993562E-02  1.124133971E-02  2.250838795E-02 
       245  1.241984659E-02 -6.026247563E-02 -6.721923199E-03 -2.906533404E-02 
       246 -2.432463095E-03 -5.986553310E-02  1.130000765E-02  2.262585800E-02 
       247  1.254954669E-02 -5.970165745E-02 -6.845181732E-03 -2.959829913E-02 
       248 -2.175203089E-03 -5.935042475E-02  1.130546710E-02  2.263678940E-02 
       249  1.267936149E-02 -5.914034334E-02 -6.952221293E-03 -3.006113402E-02 
       250 -1.917773688E-03 -5.883497721E-02  1.133559508E-02  2.269711425E-02 
       251  1.280919631E-02 -5.857894262E-02 -7.048805704E-03 -3.047876125E-02 
       252 -1.660395068E-03 -5.831963136E-02  1.139851279E-02  2.282309357E-02 
       253  1.293893981E-02 -5.801793678E-02 -7.155947987E-03 -3.094204031E-02 
       254 -1.403276289E-03 -5.780480578E-02  1.147591659E-02  2.297807819E-02 
       255  1.306850792E-02 -5.745768931E-02 -7.238153720E-03 -3.129749470E-02 
       256 -1.146502882E-03 -5.729067173E-02  1.153075537E-02  2.308788115E-02 
       257  1.319817805E-02 -5.689700071E-02 -7.312675648E-03 -3.161972461E-02 
       258 -8.897648933E-04 -5.677660860E-02  1.160747275E-02  2.324149136E-02 
       259  1.332798728E-02 -5.633571069E-02 -7.409886674E-03 -3.204006130E-02 
       260 -6.330269047E-04 -5.626254548E-02  1.164083868E-02  2.330829954E-02 
       261  1.345782432E-02 -5.577430036E-02 -7.504410845E-03 -3.244878013E-02 
       262 -3.762496447E-04 -5.574840372E-02  1.159817011E-02  2.322286481E-02 
       263 -1.191371854E-04 -5.523359079E-02  1.171532123E-02  2.345743497E-02 
       264  1.358757784E-02 -5.521325122E-02 -7.587569484E-03 -3.280835485E-02 
       265  1.382263495E-04 -5.471827514E-02  1.175585737E-02  2.353859995E-02 
       266  1.371719855E-02 -5.465277632E-02 -7.671417775E-03 -3.317091159E-02 
       267  3.956602617E-04 -5.420281857E-02  1.180709127E-02  2.364118492E-02 
       268  1.384672206E-02 -5.409272170E-02 -7.749915053E-03 -3.351033076E-02 
       269  6.529451382E-04 -5.368766042E-02  1.189061649E-02  2.380842638E-02 
       270  1.397620989E-02 -5.353282137E-02 -7.801257588E-03 -3.373233388E-02 
       271  9.098691380E-04 -5.317322484E-02  1.193467246E-02  2.389663909E-02 
       272  1.410572556E-02 -5.297280065E-02 -7.842659053E-03 -3.391135221E-02 
       273  1.166910149E-03 -5.265855498E-02  1.201581633E-02  2.405911239E-02 
       274  1.423534561E-02 -5.241232859E-02 -7.894193228E-03 -3.413418397E-02 
       275  1.424258930E-03 -5.214326887E-02  1.204214372E-02  2.411182737E-02 
       276  1.436509132E-02 -5.185131320E-02 -7.913671770E-03 -3.421840843E-02 
       277  1.681695024E-03 -5.162780793E-02  1.205324579E-02  2.413405692E-02 
       278  1.449492667E-02 -5.128991021E-02 -7.945517068E-03 -3.435610625E-02 
       279  1.938997676E-03 -5.111261419E-02  1.209044761E-02  2.420854564E-02 
       280  1.462474031E-02 -5.072860110E-02 -7.969925704E-03 -3.446164825E-02 
       281  2.196032412E-03 -5.059795689E-02  1.216393049E-02  2.435567945E-02 
       282  1.475442096E-02 -5.016786702E-02 -7.939291836E-03 -3.432918860E-02 
       283  2.452865557E-03 -5.008370323E-02  1.219473510E-02  2.441735910E-02 
       284  1.488398334E-02 -4.960764433E-02 -7.942298561E-03 -3.434218955E-02 
       285  2.709603546E-03 -4.956964010E-02  1.225028111E-02  2.452857817E-02 
       286  2.966369817E-03 -4.905552035E-02  1.232238330E-02  2.467294745E-02 
       287  1.501371860E-02 -4.904667410E-02 -7.945694395E-03 -3.435687301E-02 
       288  3.223342598E-03 -4.854098709E-02  1.238434687E-02  2.479701628E-02 
       289  1.514355130E-02 -4.848528258E-02 -7.930706553E-03 -3.429206616E-02 
       290  3.480548459E-03 -4.802598715E-02  1.249212742E-02  2.501282388E-02 
       291  1.527337008E-02 -4.792395122E-02 -7.904142852E-03 -3.417720575E-02 
       292  3.737963222E-03 -4.751056893E-02  1.253122800E-02  2.509111446E-02 
       293  1.540308084E-02 -4.736308697E-02 -7.852354411E-03 -3.395327455E-02 
       294  3.995367347E-03 -4.699517201E-02  1.255840171E-02  2.514552403E-02 
       295  1.553262068E-02 -4.680296175E-02 -7.802532361E-03 -3.373784595E-02 
       296  4.252540186E-03 -4.648023818E-02  1.265913683E-02  2.534722464E-02 
       297  1.566210851E-02 -4.624306141E-02 -7.728822922E-03 -3.341912921E-02 
       298  4.509392235E-03 -4.596594667E-02  1.270964841E-02  2.544836332E-02 
       299  1.579159653E-02 -4.568316027E-02 -7.667384809E-03 -3.315347320E-02 
       300  4.766573755E-03 -4.545099547E-02  1.271100437E-02  2.545107835E-02 
       301  1.592108510E-02 -4.512325671E-02 -7.617120424E-03 -3.293613196E-02 
       302  5.023980909E-03 -4.493559248E-02  1.275025331E-02  2.552966598E-02 
       303  1.605071807E-02 -4.456272880E-02 -7.564700543E-03 -3.270947044E-02 
       304  5.281393041E-03 -4.442017952E-02  1.284715634E-02  2.572369366E-02 
       305  1.618051030E-02 -4.400151228E-02 -7.521891720E-03 -3.252436675E-02 
       306  5.538613549E-03 -4.390515025E-02  1.296248483E-02  2.595461439E-02 
       307  1.631035057E-02 -4.344008801E-02 -7.439034743E-03 -3.216609641E-02 
       308  5.795499647E-03 -4.339079057E-02  1.300835476E-02  2.604645915E-02 
       309  1.644012752E-02 -4.287893752E-02 -7.338065771E-03 -3.172951051E-02 
       310  6.052237636E-03 -4.287672744E-02  1.308386848E-02  2.619765930E-02 
       311  6.308975848E-03 -4.236266386E-02  1.322455335E-02  2.647935076E-02 
       312  1.656973000E-02 -4.231854144E-02 -7.238090604E-03 -3.129722179E-02 
       313  6.565715170E-03 -4.184859807E-02  1.330138529E-02  2.663319036E-02 
       314  1.669934766E-02 -4.175807974E-02 -7.151759228E-03 -3.092392828E-02 
       315  6.822675426E-03 -4.133408990E-02  1.330354211E-02  2.663750893E-02 
       316  1.682913234E-02 -4.119689582E-02 -7.089316918E-03 -3.065393016E-02 
       317  7.079984011E-03 -4.081888427E-02  1.332713108E-02  2.668474082E-02 
       318  1.695897287E-02 -4.063547042E-02 -7.015154693E-03 -3.033325559E-02 
       319  7.337420607E-03 -4.030342233E-02  1.338082111E-02  2.679224366E-02 
       320  1.708875789E-02 -4.007428508E-02 -6.931059778E-03 -2.996963246E-02 
       321  7.594764457E-03 -3.978814610E-02  1.348182959E-02  2.699449163E-02 
       322  1.721839279E-02 -3.951374881E-02 -6.851105360E-03 -2.962391266E-02 
       323  7.851795120E-03 -3.927349695E-02  1.361094447E-02  2.725301668E-02 
       324  1.734793956E-02 -3.895359363E-02 -6.771155032E-03 -2.927821056E-02 
       325  8.108723203E-03 -3.875905320E-02  1.370964592E-02  2.745064529E-02 
       326  1.747742971E-02 -3.839368327E-02 -6.694217481E-03 -2.894553559E-02 
       327  8.366014390E-03 -3.824388241E-02  1.378127157E-02  2.759406041E-02 
       328  1.760692101E-02 -3.783376790E-02 -6.609886699E-03 -2.858089257E-02 
       329  8.623449186E-03 -3.772842407E-02  1.379308000E-02  2.761770426E-02 
       330  1.773651510E-02 -3.727340811E-02 -6.516456864E-03 -2.817690561E-02 
       331  8.880806840E-03 -3.721312020E-02  1.385901822E-02  2.774973152E-02 
       332  1.786623038E-02 -3.671252430E-02 -6.460421543E-03 -2.793461106E-02 
       333  9.137883059E-03 -3.669837983E-02  1.394439482E-02  2.792067996E-02 
       334  9.394759494E-03 -3.618403950E-02  1.406082782E-02  2.815381223E-02 
       335  1.799605365E-02 -3.615117357E-02 -6.390836770E-03 -2.763372922E-02 
       336  9.651509644E-03 -3.566995202E-02  1.421594170E-02  2.846439475E-02 
       337  1.812588324E-02 -3.558979545E-02 -6.293085373E-03 -2.721105598E-02 
       338  9.908247633E-03 -3.515588889E-02  1.426686392E-02  2.856635564E-02 
       339  1.825560784E-02 -3.502887135E-02 -6.208862805E-03 -2.684688088E-02 
       340  1.016515389E-02 -3.464148885E-02  1.436828204E-02  2.876942381E-02 
       341  1.838516265E-02 -3.446868139E-02 -6.103796264E-03 -2.639257725E-02 
       342  1.042230628E-02 -3.412659597E-02  1.447644774E-02  2.898600259E-02 
       343  1.851485586E-02 -3.390789299E-02 -5.976109646E-03 -2.584046529E-02 
       344  1.067968840E-02 -3.361124311E-02  1.456109653E-02  2.915549376E-02 
       345  1.864467451E-02 -3.334656223E-02 -5.828780685E-03 -2.520342060E-02 
       346  1.093711622E-02 -3.309579874E-02  1.466593350E-02  2.936540745E-02 
       347  1.877450729E-02 -3.278517035E-02 -5.664287296E-03 -2.449215760E-02 
       348  1.119436902E-02 -3.258070481E-02  1.474613601E-02  2.952599589E-02 
       349  1.890425007E-02 -3.222416760E-02 -5.465005799E-03 -2.363047217E-02 
       350  1.145127160E-02 -3.206631211E-02  1.486620116E-02  2.976640079E-02 
       351  1.903385539E-02 -3.166375926E-02 -5.262540074E-03 -2.275501826E-02 
       352  1.170836032E-02 -3.155154672E-02  1.496608830E-02  2.996640349E-02 
       353  1.916334348E-02 -3.110385779E-02 -5.042333145E-03 -2.180285207E-02 
       354  1.196573086E-02 -3.103621704E-02  1.509504726E-02  3.022461634E-02 
       355  1.929283319E-02 -3.054394934E-02 -4.787308095E-03 -2.070013370E-02 
       356  1.222316270E-02 -3.052076462E-02  1.524717818E-02  3.052922609E-02 
       357  1.248044349E-02 -3.000561465E-02  1.532401785E-02  3.068308117E-02 
       358  1.942235098E-02 -2.998391947E-02 -4.545712849E-03 -1.965548526E-02 
       359  1.273746390E-02 -2.949098605E-02  1.545255333E-02  3.094044608E-02 
       360  1.955194290E-02 -2.942356906E-02 -4.283991248E-03 -1.852381126E-02 
       361  1.299422020E-02 -2.897688624E-02  1.558862209E-02  3.121289478E-02 
       362  1.968170555E-02 -2.886248041E-02 -4.056623404E-03 -1.754068156E-02 
       363  1.325095824E-02 -2.846282302E-02  1.567106402E-02  3.137796719E-02 
       364  1.981154422E-02 -2.830106304E-02 -3.883306754E-03 -1.679126711E-02 
       365  1.350774495E-02 -2.794866234E-02  1.585331125E-02  3.174287845E-02 
       366  1.994134756E-02 -2.773979848E-02 -3.709263449E-03 -1.603871064E-02 
       367  1.376463665E-02 -2.743429143E-02  1.605186265E-02  3.214043532E-02 
       368  2.007100431E-02 -2.717916773E-02 -3.529874957E-03 -1.526304179E-02 
       369  1.402187743E-02 -2.691922157E-02  1.621344089E-02  3.246396133E-02 
       370  2.020057900E-02 -2.661889180E-02 -3.394002970E-03 -1.467553662E-02 
       371  1.427930238E-02 -2.640378295E-02  1.643049813E-02  3.289857220E-02 
       372  2.033033216E-02 -2.605784420E-02 -3.291729912E-03 -1.423331190E-02 
       373  1.453669079E-02 -2.588841751E-02  1.664955628E-02  3.333718950E-02 
       374  2.046016914E-02 -2.549643418E-02 -3.189566516E-03 -1.379156135E-02 
       375  1.479382205E-02 -2.537356693E-02  1.687161914E-02  3.378182306E-02 
       376  2.058997857E-02 -2.493514325E-02 -3.135472004E-03 -1.355765879E-02 
       377  1.505070141E-02 -2.485922074E-02  1.706722976E-02  3.417349165E-02 
       378  2.071964920E-02 -2.437445249E-02 -3.098021457E-03 -1.339572408E-02 
       379  1.530792084E-02 -2.434419363E-02  1.721283755E-02  3.446504024E-02 
       380  1.556534001E-02 -2.382876657E-02  1.741590152E-02  3.487163258E-02 
       381  2.084918914E-02 -2.381432686E-02 -3.098808412E-03 -1.339912685E-02 
       382  1.582273825E-02 -2.331338144E-02  1.761925372E-02  3.527880202E-02 
       383  2.097868830E-02 -2.325437753E-02 -3.142951417E-03 -1.358999948E-02 
       384  1.607989490E-02 -2.279848002E-02  1.776688771E-02  3.557440764E-02 
       385  2.110817613E-02 -2.269447719E-02 -3.227341148E-03 -1.395489739E-02 
       386  1.633675583E-02 -2.228417074E-02  1.795800869E-02  3.595708668E-02 
       387  2.123771746E-02 -2.213434551E-02 -3.341724028E-03 -1.444948451E-02 
       388  1.659352707E-02 -2.177004102E-02  1.816066057E-02  3.636285391E-02 
       389  2.136740649E-02 -2.157357522E-02 -3.436285511E-03 -1.485836468E-02 
       390  1.685026506E-02 -2.125597789E-02  1.838106319E-02  3.680416319E-02 
       391  2.149721063E-02 -2.101230718E-02 -3.561386905E-03 -1.539929823E-02 
       392  1.710706757E-02 -2.074178559E-02  1.858455519E-02  3.721161257E-02 
       393  2.162704912E-02 -2.045089061E-02 -3.718658818E-03 -1.607933585E-02 
       394  1.736416641E-02 -2.022699992E-02  1.880675006E-02  3.765651048E-02 
       395  2.175681059E-02 -1.988980705E-02 -3.896779119E-03 -1.684952110E-02 
       396  1.762150159E-02 -1.971174104E-02  1.913458687E-02  3.831293385E-02 
       397  2.188639081E-02 -1.932950723E-02 -4.094824064E-03 -1.770585972E-02 
       398  1.787893874E-02 -1.919627801E-02  1.943601057E-02  3.891647058E-02 
       399  2.201603500E-02 -1.876893082E-02 -4.302950996E-03 -1.860579247E-02 
       400  1.813625708E-02 -1.868105285E-02  1.969712086E-02  3.943928831E-02 
       401  2.214583256E-02 -1.820769123E-02 -4.523243813E-03 -1.955833003E-02 
       402  1.839323627E-02 -1.816650677E-02  1.997105034E-02  3.998777375E-02 
       403  1.865021798E-02 -1.765195563E-02  2.025905123E-02  4.056443417E-02 
       404  2.227567227E-02 -1.764626939E-02 -4.743215892E-03 -2.050948073E-02 
       405  1.890753761E-02 -1.713672789E-02  2.053029065E-02  4.110753332E-02 
       406  2.240544276E-02 -1.708514683E-02 -4.978958526E-03 -2.152882269E-02 
       407  1.916497479E-02 -1.662126478E-02  2.085219555E-02  4.175207932E-02 
       408  2.253509217E-02 -1.652454784E-02 -5.216372337E-03 -2.255539076E-02 
       409  1.942230877E-02 -1.610600831E-02  2.121618837E-02  4.248089739E-02 
       410  2.266460768E-02 -1.596452780E-02 -5.452852951E-03 -2.357792372E-02 
       411  1.967940186E-02 -1.559123416E-02  2.152422411E-02  4.309767333E-02 
       412  2.279409551E-02 -1.540462746E-02 -5.703548863E-03 -2.466192308E-02 
       413  1.993623224E-02 -1.507698605E-02  2.186999858E-02  4.379001304E-02 
       414  2.292245026E-02 -1.484962654E-02 -5.948814577E-03 -2.572244247E-02 
       415  2.019297022E-02 -1.456292292E-02  2.230881520E-02  4.466864984E-02 
       416  2.304730083E-02 -1.430977753E-02 -6.179918907E-03 -2.672172859E-02 
       417  2.044923339E-02 -1.404981052E-02  2.275775988E-02  4.556756593E-02 
       418  2.316677043E-02 -1.379319564E-02 -6.394484200E-03 -2.764950056E-02 
       419  2.070326313E-02 -1.354117010E-02  2.322704382E-02  4.650720705E-02 
       420  2.328018135E-02 -1.330281123E-02 -6.576554274E-03 -2.843676447E-02 
       421  2.094927213E-02 -1.304858947E-02  2.372531557E-02  4.750489008E-02 
       422  2.338784082E-02 -1.283729587E-02 -6.771034528E-03 -2.927768951E-02 
       423  2.118298109E-02 -1.258063708E-02  2.420391161E-02  4.846317669E-02 
       424  2.349004052E-02 -1.239538834E-02 -6.980983797E-03 -3.018550197E-02 
       425  2.140500493E-02 -1.213608164E-02  2.461326975E-02  4.928282915E-02 
       426  2.358705734E-02 -1.197589139E-02 -7.144868738E-03 -3.089413407E-02 
       427  2.161592790E-02 -1.171375332E-02  2.508248544E-02  5.022233361E-02 
       428  2.367917877E-02 -1.157756193E-02 -7.298626401E-03 -3.155897621E-02 
       429  2.181630502E-02 -1.131254082E-02  2.563347865E-02  5.132558013E-02 
       430  2.376681907E-02 -1.119860868E-02 -7.438100989E-03 -3.216205890E-02 
       431  2.200663998E-02 -1.093143561E-02  2.607982869E-02  5.221930100E-02 
       432  2.385021767E-02 -1.083799640E-02 -7.580026113E-03 -3.277573760E-02 
       433  2.218733490E-02 -1.056963254E-02  2.658294072E-02  5.322667566E-02 
       434  2.392957988E-02 -1.049483731E-02 -7.686451801E-03 -3.323591813E-02 
       435  2.235886730E-02 -1.022617544E-02  2.712703099E-02  5.431610051E-02 
       436  2.400510104E-02 -1.016828674E-02 -7.755954146E-03 -3.353644357E-02 
       437  2.252170176E-02 -9.900134138E-03  2.761231754E-02  5.528778343E-02 
       438  2.407696708E-02 -9.857540802E-03 -7.855097887E-03 -3.396513724E-02 
       439  2.267627933E-02 -9.590625475E-03  2.816484297E-02  5.639409791E-02 
       440  2.414535491E-02 -9.561834477E-03 -7.905446803E-03 -3.418284399E-02 
       441  2.282301866E-02 -9.296811234E-03  2.865571511E-02  5.737696479E-02 
       442  2.421043283E-02 -9.280440060E-03 -7.906133999E-03 -3.418581540E-02 
       443  2.296231724E-02 -9.017895491E-03  2.908630587E-02  5.823913105E-02 
       444  2.427236110E-02 -9.012664633E-03 -7.925310077E-03 -3.426873201E-02 
       445  2.433129214E-02 -8.757849135E-03 -7.933647983E-03 -3.430478479E-02 
       446  2.309455241E-02 -8.753122733E-03  2.952804877E-02  5.912362710E-02 
       447  2.438737096E-02 -8.515366495E-03 -7.911859029E-03 -3.421057021E-02 
       448  2.322008234E-02 -8.501775793E-03  3.005706858E-02  6.018287657E-02 
       449  2.444073560E-02 -8.284619854E-03 -7.878349982E-03 -3.406567839E-02 
       450  2.333924700E-02 -8.263173954E-03  3.065843729E-02  6.138698930E-02 
       451  2.449151752E-02 -8.065040836E-03 -7.799678429E-03 -3.372550566E-02 
       452  2.345236914E-02 -8.036670972E-03  3.116014497E-02  6.239155205E-02 
       453  2.453984160E-02 -7.856089396E-03 -7.708240325E-03 -3.333013086E-02 
       454  2.355975519E-02 -7.821653284E-03  3.176571214E-02  6.360407130E-02 
       455  2.458582685E-02 -7.657250964E-03 -7.601420362E-03 -3.286824550E-02 
       456  2.366194973E-02 -7.617030485E-03  3.237467545E-02  6.482339060E-02 
       457  2.462958647E-02 -7.468036068E-03 -7.486844074E-03 -3.237282210E-02 
       458  2.376019985E-02 -7.420305541E-03  3.288884142E-02  6.585289842E-02 
       459  2.467122818E-02 -7.287978957E-03 -7.354187746E-03 -3.179922130E-02 
       460  2.385462204E-02 -7.231245237E-03  3.345677135E-02  6.699005712E-02 
       461  2.471085450E-02 -7.116636262E-03 -7.197682419E-03 -3.112249837E-02 
       462  2.394522334E-02 -7.049835434E-03  3.407254427E-02  6.822301120E-02 
       463  2.474856296E-02 -6.953586347E-03 -7.038313528E-03 -3.043339349E-02 
       464  2.403198526E-02 -6.876113175E-03  3.467146363E-02  6.942221964E-02 
       465  2.478444636E-02 -6.798427922E-03 -6.833660284E-03 -2.954848084E-02 
       466  2.411342823E-02 -6.713040978E-03  3.531000644E-02  7.070076558E-02 
       467  2.481859304E-02 -6.650779035E-03 -6.638750205E-03 -2.870569725E-02 
       468  2.418921119E-02 -6.561301740E-03  3.619691365E-02  7.247660832E-02 
       469  2.485108711E-02 -6.510275952E-03 -6.460074364E-03 -2.793310987E-02 
       470  2.425987630E-02 -6.419809911E-03  3.696721148E-02  7.401896563E-02 
       471  2.488200854E-02 -6.376572880E-03 -6.240395349E-03 -2.698322637E-02 
       472  2.432589862E-02 -6.287614276E-03  3.757148236E-02  7.522888933E-02 
       473  2.491143340E-02 -6.249340927E-03 -5.996880963E-03 -2.593027965E-02 
       474  2.438769642E-02 -6.163877344E-03  3.823162260E-02  7.655067953E-02 
       475  2.493943415E-02 -6.128266780E-03 -5.761083920E-03 -2.491070242E-02 
       476  2.444566442E-02 -6.047808768E-03  3.886724585E-02  7.782337967E-02 
       477  2.496607963E-02 -6.013052756E-03 -5.522103197E-03 -2.387735909E-02 
       478  2.450058902E-02 -5.937833959E-03  3.943419302E-02  7.895857060E-02 
       479  2.499143545E-02 -5.903415193E-03 -5.298656187E-03 -2.291118292E-02 
       480  2.455284979E-02 -5.833192902E-03  3.995248019E-02  7.999633023E-02 
       481  2.501556410E-02 -5.799083822E-03 -5.020483250E-03 -2.170837398E-02 
       482  2.460257587E-02 -5.733627032E-03  4.053124427E-02  8.115518201E-02 
       483  2.503852498E-02 -5.699801880E-03 -4.767279740E-03 -2.061353187E-02 
       484  2.464988995E-02 -5.638890669E-03  4.111175965E-02  8.231754040E-02 
       485  2.506037453E-02 -5.605325289E-03 -4.551948804E-03 -1.968244929E-02 
       486  2.469490934E-02 -5.548748913E-03  4.163801755E-02  8.337125972E-02 
       487  2.508116661E-02 -5.515421146E-03 -4.279079310E-03 -1.850257223E-02 
       488  2.473774506E-02 -5.462979524E-03  4.226932405E-02  8.463531651E-02 
       489  2.510095241E-02 -5.429868094E-03 -4.028322234E-03 -1.741830840E-02 
       490  2.477850333E-02 -5.381369774E-03  4.292132232E-02  8.594080414E-02 
       491  2.511978051E-02 -5.348456124E-03 -3.756854852E-03 -1.624449402E-02 
       492  2.481728458E-02 -5.303718579E-03  4.356483013E-02  8.722929143E-02 
       493  2.513688328E-02 -5.274504424E-03 -3.490752192E-03 -1.509387648E-02 
       494  2.485380189E-02 -5.230600439E-03  4.428988845E-02  8.868106625E-02 
       495  2.515279526E-02 -5.205701631E-03 -3.249186287E-03 -1.404935492E-02 
       496  2.488717587E-02 -5.163776161E-03  4.483619140E-02  8.977492154E-02 
       497  2.516758870E-02 -5.141735379E-03 -3.005933839E-03 -1.299754081E-02 
       498  2.491820944E-02 -5.101638037E-03  4.543375554E-02  9.097141641E-02 
       499  2.518133234E-02 -5.082308420E-03 -2.766196165E-03 -1.196092445E-02 
       500  2.494704693E-02 -5.043897112E-03  4.605109466E-02  9.220750649E-02 
       501  2.519409270E-02 -5.027133109E-03 -2.522153815E-03 -1.090569484E-02 
       502  2.497382504E-02 -4.990279652E-03  4.645611279E-02  9.301846901E-02 
       503  2.520593336E-02 -4.975934585E-03 -2.290736244E-03 -9.905054276E-03 
       504  2.499867634E-02 -4.940520217E-03  4.708020211E-02  9.426807493E-02 
       505  2.521691428E-02 -4.928453491E-03 -2.071939231E-03 -8.958984513E-03 
       506  2.502172616E-02 -4.894367864E-03  4.769552712E-02  9.550013216E-02 
       507  2.522709258E-02 -4.884442942E-03 -1.853436421E-03 -8.014186876E-03 
       508  2.504309355E-02 -4.851584218E-03  4.814191622E-02  9.639393125E-02 
       509  2.523612950E-02 -4.845367630E-03 -1.643264172E-03 -7.105410260E-03 
       510  2.506266868E-02 -4.812389197E-03  4.862138207E-02  9.735395946E-02 
       511  2.524451462E-02 -4.809110701E-03 -1.437743349E-03 -6.216746228E-03 
       512  2.508030578E-02 -4.777074657E-03  4.905081002E-02  9.821379745E-02 
       513  2.525228439E-02 -4.775514542E-03 -1.236260103E-03 -5.345540521E-03 
       514  2.509665178E-02 -4.744345281E-03  4.947005553E-02  9.905324727E-02 
       515  2.525947508E-02 -4.744422271E-03 -1.029965287E-03 -4.453529776E-03 
       516  2.526612241E-02 -4.715679443E-03 -8.260492665E-04 -3.571804846E-03 
       517  2.511178249E-02 -4.714049253E-03  4.987112316E-02  9.985629976E-02 
       518  2.527225963E-02 -4.689142355E-03 -6.134245347E-04 -2.652423790E-03 
       519  2.512577132E-02 -4.686039607E-03  5.041007517E-02  1.009354363E-01 
       520  2.527792086E-02 -4.664663443E-03 -3.840767040E-04 -1.660732705E-03 
       521  2.513868945E-02 -4.660173792E-03  5.093401794E-02  1.019845201E-01 
       522  2.528313035E-02 -4.642137781E-03 -1.628585048E-04 -7.041938300E-04 
       523  2.515060568E-02 -4.636314081E-03  5.130662095E-02  1.027305783E-01 
       524  2.528808135E-02 -4.620729860E-03 -1.128940951E-05 -4.881496691E-05 
       525  2.516157478E-02 -4.614350802E-03  5.164129961E-02  1.034007010E-01 
       526  2.529278690E-02 -4.600383247E-03  9.801757097E-05  4.238241583E-04 
       527  2.517183431E-02 -4.593808276E-03  5.191926983E-02  1.039572771E-01 
       528  2.529725981E-02 -4.581042577E-03  2.379957910E-04  1.029084528E-03 
       529  2.518158190E-02 -4.574290810E-03  5.223315356E-02  1.045857624E-01 
       530  2.530151073E-02 -4.562661767E-03  3.957500730E-04  1.711207898E-03 
       531  2.519084193E-02 -4.555749566E-03  5.247772658E-02  1.050754678E-01 
       532  2.530555074E-02 -4.545192916E-03  5.555085840E-04  2.401997475E-03 
       533  2.519963840E-02 -4.538136514E-03  5.282476797E-02  1.057703442E-01 
       534  2.530939083E-02 -4.528588492E-03  7.158959500E-04  3.095506198E-03 
       535  2.520799620E-02 -4.521401794E-03  5.329978470E-02  1.067214641E-01 
       536  2.531304112E-02 -4.512804772E-03  8.837504585E-04  3.821302553E-03 
       537  2.521593625E-02 -4.505503535E-03  5.372080840E-02  1.075644743E-01 
       538  2.531650988E-02 -4.497806002E-03  1.061662138E-03  4.590585722E-03 
       539  2.522347842E-02 -4.490401952E-03  5.404854884E-02  1.082207047E-01 
       540  2.531980654E-02 -4.483551376E-03  1.249362104E-03  5.402193064E-03 
       541  2.523064403E-02 -4.476054327E-03  5.429052195E-02  1.087052043E-01 
       542  2.532294007E-02 -4.470002107E-03  1.428748092E-03  6.177851087E-03 
       543  2.523745228E-02 -4.462422269E-03  5.460914510E-02  1.093431793E-01 
       544  2.532591900E-02 -4.457121322E-03  1.592280243E-03  6.884957737E-03 
       545  2.524392018E-02 -4.449471669E-03  5.494961615E-02  1.100249001E-01 
       546  2.532874989E-02 -4.444880687E-03  1.751276218E-03  7.572450140E-03 
       547  2.525006393E-02 -4.437170119E-03  5.523630458E-02  1.105989326E-01 
       548  2.533143021E-02 -4.433291098E-03  1.921690826E-03  8.309316265E-03 
       549  2.525590007E-02 -4.425484505E-03  5.554117464E-02  1.112093699E-01 
       550  2.533394255E-02 -4.422427802E-03  2.117811530E-03  9.157334550E-03 
       551  2.526144573E-02 -4.414380494E-03  5.584047883E-02  1.118086628E-01 
       552  2.533633449E-02 -4.412085185E-03  2.331366475E-03  1.008073781E-02 
       553  2.526671721E-02 -4.403825482E-03  5.621194851E-02  1.125524517E-01 
       554  2.533861196E-02 -4.402237483E-03  2.544560267E-03  1.100257946E-02 
       555  2.527173309E-02 -4.393782252E-03  5.659197463E-02  1.133133730E-01 
       556  2.534077996E-02 -4.392863135E-03  2.748196676E-03  1.188309536E-02 
       557  2.527650500E-02 -4.384227513E-03  5.694257228E-02  1.140153701E-01 
       558  2.534284274E-02 -4.383943729E-03  2.948956947E-03  1.275117495E-02 
       559  2.534480567E-02 -4.375456093E-03  3.141651414E-03  1.358437832E-02 
       560  2.528104366E-02 -4.375139822E-03  5.725275932E-02  1.146364536E-01 
       561  2.534667477E-02 -4.367374211E-03  3.325696284E-03  1.438018117E-02 
       562  2.528536142E-02 -4.366494426E-03  5.763022816E-02  1.153922546E-01 
       563  2.534845473E-02 -4.359677711E-03  3.518337336E-03  1.521315357E-02 
       564  2.528946948E-02 -4.358268901E-03  5.815834525E-02  1.164496965E-01 
       565  2.535014988E-02 -4.352347967E-03  3.725370636E-03  1.610835750E-02 
       566  2.529337410E-02 -4.350450731E-03  5.850535165E-02  1.171445029E-01 
       567  2.535176433E-02 -4.345367130E-03  3.962477072E-03  1.713359649E-02 
       568  2.529708304E-02 -4.343024382E-03  5.894043893E-02  1.180156725E-01 
       569  2.535330205E-02 -4.338718104E-03  4.250504673E-03  1.837901661E-02 
       570  2.530060567E-02 -4.335971066E-03  5.938882571E-02  1.189134715E-01 
       571  2.535476660E-02 -4.332385429E-03  4.563935662E-03  1.973428000E-02 
       572  2.530395090E-02 -4.329272940E-03  5.986598595E-02  1.198688832E-01 
       573  2.535615995E-02 -4.326360643E-03  4.853767262E-03  2.098750054E-02 
       574  2.530712721E-02 -4.322913062E-03  6.032396253E-02  1.207858838E-01 
       575  2.535747721E-02 -4.320664872E-03  5.133495085E-03  2.219703275E-02 
       576  2.531014262E-02 -4.316875345E-03  6.074808514E-02  1.216350989E-01 
       577  2.535870719E-02 -4.315346499E-03  5.426522223E-03  2.346407068E-02 
       578  2.531300729E-02 -4.311139455E-03  6.119634436E-02  1.225326425E-01 
       579  2.535987797E-02 -4.310284064E-03  5.728898815E-03  2.477153529E-02 
       580  2.531571725E-02 -4.305713335E-03  6.156071879E-02  1.232622247E-01 
       581  2.536099249E-02 -4.305464943E-03  6.036894253E-03  2.610329556E-02 
       582  2.536205352E-02 -4.300877094E-03  6.331303651E-03  2.737631032E-02 
       583  2.531826846E-02 -4.300605083E-03  6.221112659E-02  1.245645278E-01 
       584  2.536306372E-02 -4.296509028E-03  6.603689824E-03  2.855409752E-02 
       585  2.532069357E-02 -4.295749322E-03  6.277717186E-02  1.256979128E-01 
       586  2.536402580E-02 -4.292349032E-03  6.903347943E-03  2.984980757E-02 
       587  2.532299862E-02 -4.291133953E-03  6.338314031E-02  1.269112356E-01 
       588  2.536494270E-02 -4.288384370E-03  7.277972533E-03  3.146966970E-02 
       589  2.532518935E-02 -4.286747483E-03  6.403401441E-02  1.282144723E-01 
       590  2.536581675E-02 -4.284605040E-03  7.677833106E-03  3.319865123E-02 
       591  2.532727121E-02 -4.282578998E-03  6.469200639E-02  1.295319610E-01 
       592  2.536665003E-02 -4.281001950E-03  8.086546140E-03  3.496591047E-02 
       593  2.532924945E-02 -4.278617992E-03  6.531409737E-02  1.307775657E-01 
       594  2.536744457E-02 -4.277566397E-03  8.534445683E-03  3.690261063E-02 
       595  2.533112915E-02 -4.274854287E-03  6.579104493E-02  1.317325516E-01 
       596  2.536820229E-02 -4.274290057E-03  8.992796044E-03  3.888449974E-02 
       597  2.533291501E-02 -4.271278495E-03  6.642696245E-02  1.330058409E-01 
       598  2.536892431E-02 -4.271168066E-03  9.413561874E-03  4.070387481E-02 
       599  2.536961128E-02 -4.268197603E-03  9.800459431E-03  4.237680477E-02 
       600  2.533461144E-02 -4.267881739E-03  6.708120969E-02  1.343158316E-01 
       601  2.537025825E-02 -4.265400156E-03  1.022241442E-02  4.420132171E-02 
       602  2.533622267E-02 -4.264655598E-03  6.796372958E-02  1.360828897E-01 
       603  2.537085737E-02 -4.262809591E-03  1.073936652E-02  4.643660243E-02 
       604  2.533775268E-02 -4.261592077E-03  6.882378452E-02  1.378049665E-01 
       605  2.537142616E-02 -4.260350159E-03  1.133543858E-02  4.901399481E-02 
       606  2.533920669E-02 -4.258680738E-03  6.954054096E-02  1.392401186E-01 
       607  2.537196605E-02 -4.258015700E-03  1.193703085E-02  5.161525632E-02 
       608  2.534059049E-02 -4.255909977E-03  7.018108537E-02  1.405226723E-01 
       609  2.537247861E-02 -4.255799404E-03  1.255700045E-02  5.429598073E-02 
       610  2.537296597E-02 -4.253692051E-03  1.321269645E-02  5.713118468E-02 
       611  2.534187058E-02 -4.253346875E-03  7.062709863E-02  1.414157189E-01 
       612  2.537342959E-02 -4.251687378E-03  1.386568077E-02  5.995466344E-02 
       613  2.534307480E-02 -4.250935671E-03  7.100428537E-02  1.421709550E-01 
       614  2.537387082E-02 -4.249779552E-03  1.460650857E-02  6.315797402E-02 
       615  2.534421944E-02 -4.248643776E-03  7.139094951E-02  1.429451675E-01 
       616  2.537429081E-02 -4.247963521E-03  1.553108652E-02  6.715581302E-02 
       617  2.534530744E-02 -4.246465290E-03  7.187725696E-02  1.439188946E-01 
       618  2.537469063E-02 -4.246234713E-03  1.649225792E-02  7.131188072E-02 
       619  2.537507128E-02 -4.244588795E-03  1.734443512E-02  7.499666178E-02 
       620  2.534634259E-02 -4.244392628E-03  7.263603878E-02  1.454381935E-01 
       621  2.537543371E-02 -4.243021666E-03  1.807576687E-02  7.815891169E-02 
       622  2.534732850E-02 -4.242418538E-03  7.358023786E-02  1.473287510E-01 
       623  2.537577882E-02 -4.241529438E-03  1.877788610E-02  8.119484790E-02 
       624  2.534826770E-02 -4.240537998E-03  7.448953860E-02  1.491494320E-01 
       625  2.537610745E-02 -4.240108428E-03  1.949240213E-02  8.428438745E-02 
       626  2.534916251E-02 -4.238746338E-03  7.543114335E-02  1.510347950E-01 
       627  2.537641897E-02 -4.238761414E-03  2.023347484E-02  8.748875694E-02 
       628  2.537671350E-02 -4.237487897E-03  2.109555784E-02  9.121637021E-02 
       629  2.535001512E-02 -4.237039164E-03  7.636691002E-02  1.529084684E-01 
       630  2.537699269E-02 -4.236280712E-03  2.223861551E-02  9.615890707E-02 
       631  2.535082761E-02 -4.235412322E-03  7.738932646E-02  1.549556395E-01 
       632  2.537725840E-02 -4.235131757E-03  2.362580835E-02  1.021570749E-01 
       633  2.537751129E-02 -4.234038290E-03  2.495147473E-02  1.078892047E-01 
       634  2.535160194E-02 -4.233861882E-03  7.807901179E-02  1.563365874E-01 
       635  2.537775195E-02 -4.232997694E-03  2.615518799E-02  1.130940139E-01 
       636  2.535233998E-02 -4.232384117E-03  7.846561154E-02  1.571106711E-01 
       637  2.537797912E-02 -4.232015394E-03  2.744054921E-02  1.186518657E-01 
       638  2.535304349E-02 -4.230975498E-03  7.842994098E-02  1.570392484E-01 
       639  2.537819264E-02 -4.231092147E-03  2.897602386E-02  1.252911984E-01 
       640  2.537839414E-02 -4.230220860E-03  3.074748737E-02  1.329509377E-01 
       641  2.535371413E-02 -4.229632675E-03  7.766197601E-02  1.555015621E-01 
       642  2.537858541E-02 -4.229393847E-03  3.261926969E-02  1.410444513E-01 
       643  2.537876692E-02 -4.228608970E-03  3.450917577E-02  1.492163315E-01 
       644  2.535435124E-02 -4.228357003E-03  7.716337728E-02  1.545032243E-01 
       645  2.537893933E-02 -4.227863485E-03  3.650639777E-02  1.578522417E-01 
       646  2.535495511E-02 -4.227147877E-03  7.652407171E-02  1.532231512E-01 
       647  2.537910319E-02 -4.227154953E-03  3.865384849E-02  1.671377351E-01 
       648  2.537925907E-02 -4.226480959E-03  4.086698970E-02  1.767072712E-01 
       649  2.535552841E-02 -4.225999963E-03  7.584967352E-02  1.518728125E-01 
       650  2.537940717E-02 -4.225840557E-03  4.317081204E-02  1.866689092E-01 
       651  2.537954820E-02 -4.225230783E-03  4.567811521E-02  1.975103905E-01 
       652  2.535607427E-02 -4.224907010E-03  7.532832827E-02  1.508289297E-01 
       653  2.537968214E-02 -4.224651633E-03  4.844383451E-02  2.094692533E-01 
       654  2.537980922E-02 -4.224102114E-03  5.123790874E-02  2.215507212E-01 
       655  2.535659398E-02 -4.223866393E-03  7.436553008E-02  1.489011314E-01 
       656  2.537993017E-02 -4.223579142E-03  5.412093844E-02  2.340168292E-01 
       657  2.538004527E-02 -4.223081474E-03  5.619298575E-02  2.429762814E-01 
       658  2.535708880E-02 -4.222875615E-03  7.332963292E-02  1.468269681E-01 
       659  2.538015442E-02 -4.222609499E-03  5.557320174E-02  2.402963593E-01 
       660  2.538027879E-02 -4.222071729E-03  5.138878918E-02  2.222031223E-01 
       661  2.535755302E-02 -4.221946111E-03  7.183801811E-02  1.438403272E-01 
       662  2.538042918E-02 -4.221421445E-03  4.711117705E-02  2.037068942E-01 
       663  2.535798548E-02 -4.221080219E-03  6.973685782E-02  1.396332014E-01 
       664  2.538063681E-02 -4.220523653E-03  4.904212024E-02  2.120562172E-01 
       665  2.535839182E-02 -4.220266592E-03  6.746318685E-02  1.350806596E-01 
       666  2.538078614E-02 -4.219877972E-03  5.806777380E-02  2.518956411E-01 
       667  2.535877801E-02 -4.219493332E-03  6.541930169E-02  1.309882149E-01 
       668  2.538088076E-02 -4.219466791E-03  6.670816123E-02  2.914163213E-01 
       669  2.538097449E-02 -4.219055414E-03  7.251587299E-02  3.199417057E-01 
       670  2.535914515E-02 -4.218758210E-03  6.319961747E-02  1.265437701E-01 
       671  2.538106730E-02 -4.218643891E-03  7.495011172E-02  3.341160401E-01 
       672  2.538115919E-02 -4.218232160E-03  7.680473446E-02  3.460447609E-01 
       673  2.535949447E-02 -4.218058785E-03  6.030103760E-02  1.207399815E-01 
       674  2.538125013E-02 -4.217820221E-03  7.835549832E-02  3.568980008E-01 
       675  2.535982714E-02 -4.217392677E-03  5.638151730E-02  1.128919770E-01 
       676  2.538134013E-02 -4.217408053E-03  7.929616569E-02  3.652439522E-01 
       677  2.538142923E-02 -4.216995310E-03  7.976935334E-02  3.716762937E-01 
       678  2.536014414E-02 -4.216757949E-03  5.125251569E-02  1.026222439E-01 
       679  2.538151751E-02 -4.216581613E-03  8.001221736E-02  3.772547054E-01 
       680  2.536044587E-02 -4.216153808E-03  4.587469807E-02  9.185430997E-02 
       681  2.538160481E-02 -4.216167501E-03  8.023282228E-02  3.829433171E-01 
       682  2.538169092E-02 -4.215753970E-03  8.021250423E-02  3.876701411E-01 
       683  2.536073348E-02 -4.215577918E-03  4.054218326E-02  8.117708504E-02 
       684  2.538177588E-02 -4.215340754E-03  8.005583231E-02  3.919436096E-01 
       685  2.536100693E-02 -4.215030394E-03  3.411670652E-02  6.831143667E-02 
       686  2.538185978E-02 -4.214927273E-03  8.021258557E-02  3.979771549E-01 
       687  2.536126563E-02 -4.214512405E-03  2.586999659E-02  5.179915691E-02 
       688  2.538194276E-02 -4.214512805E-03  8.038596817E-02  4.043571458E-01 
       689  2.536151185E-02 -4.214019399E-03  1.750940447E-02  3.505885230E-02 
       690  2.538202496E-02 -4.214096433E-03  8.051247020E-02  4.108160596E-01 
       691  2.538210644E-02 -4.213677626E-03  8.071258908E-02  4.179884358E-01 
       692  2.536174587E-02 -4.213550839E-03  8.963278165E-03  1.794705501E-02 
       693  2.538218657E-02 -4.213259555E-03  8.099248574E-02  4.259128813E-01 
       694  2.536196620E-02 -4.213109669E-03  2.021020672E-03  4.046649573E-03 
       695  2.536215304E-02 -4.212736558E-03 -5.911649719E-04 -1.174155411E-03 
       696  2.538226508E-02 -4.212843517E-03  8.118691560E-02  4.337147302E-01 
       697  2.536234277E-02 -4.212359717E-03 -2.075323754E-03 -4.105964613E-03 
       698  2.538234214E-02 -4.212428556E-03  8.114060290E-02  4.405893272E-01 
       699  2.536253331E-02 -4.211983338E-03 -3.684406056E-03 -7.253819974E-03 
       700  2.538241830E-02 -4.212011554E-03  8.108950273E-02  4.478617031E-01 
       701  2.536272469E-02 -4.211607388E-03 -5.287946946E-03 -1.035367019E-02 
       702  2.538249351E-02 -4.211592525E-03  8.116166500E-02  4.562872477E-01 
       703  2.536291692E-02 -4.211231876E-03 -7.067776074E-03 -1.376180891E-02 
       704  2.538256755E-02 -4.211172516E-03  8.134159495E-02  4.658375268E-01 
       705  2.536311003E-02 -4.210856809E-03 -9.001434284E-03 -1.742724675E-02 
       706  2.538264016E-02 -4.210752792E-03  8.149755359E-02  4.757991573E-01 
       707  2.536330402E-02 -4.210482194E-03 -1.106755955E-02 -2.130441826E-02 
       708  2.538271109E-02 -4.210334650E-03  8.171524017E-02  4.867147524E-01 
       709  2.536349908E-02 -4.210107712E-03 -1.300997695E-02 -2.489793903E-02 
       710  2.538278043E-02 -4.209917463E-03  8.194606432E-02  4.983610806E-01 
       711  2.536369521E-02 -4.209733411E-03 -1.490890525E-02 -2.836202299E-02 
       712  2.538284863E-02 -4.209498231E-03  8.183150166E-02  5.086693140E-01 
       713  2.536389217E-02 -4.209359765E-03 -1.665237504E-02 -3.148914452E-02 
       714  2.536408984E-02 -4.208987080E-03 -1.785245737E-02 -3.355359179E-02 
       715  2.538291563E-02 -4.209077039E-03  8.135763503E-02  5.175119330E-01 
       716  2.536428845E-02 -4.208614903E-03 -1.873799450E-02 -3.499907658E-02 
       717  2.538298116E-02 -4.208655263E-03  8.070269959E-02  5.259374258E-01 
       718  2.536448805E-02 -4.208243247E-03 -1.989253192E-02 -3.691930599E-02 
       719  2.538304505E-02 -4.208233725E-03  7.990020367E-02  5.341407054E-01 
       720  2.536468874E-02 -4.207871913E-03 -2.160139432E-02 -3.983216328E-02 
       721  2.538310695E-02 -4.207814505E-03  7.888418617E-02  5.416117434E-01 
       722  2.536489082E-02 -4.207500452E-03 -2.362522324E-02 -4.327950619E-02 
       723  2.538316710E-02 -4.207395813E-03  7.771846748E-02  5.488538872E-01 
       724  2.536509420E-02 -4.207129059E-03 -2.568408406E-02 -4.673861372E-02 
       725  2.538322587E-02 -4.206974710E-03  7.672425169E-02  5.583574992E-01 
       726  2.536529856E-02 -4.206758371E-03 -2.767578971E-02 -5.002305934E-02 
       727  2.538328301E-02 -4.206552405E-03  7.600722586E-02  5.711070589E-01 
       728  2.536550330E-02 -4.206389527E-03 -2.962236532E-02 -5.317430064E-02 
       729  2.536570913E-02 -4.206021289E-03 -3.147187871E-02 -5.610070975E-02 
       730  2.538333826E-02 -4.206130450E-03  7.531371002E-02  5.854549359E-01 
       731  2.536591608E-02 -4.205653650E-03 -3.304035619E-02 -5.847880897E-02 
       732  2.538339136E-02 -4.205710438E-03  7.423059172E-02  5.982181532E-01 
       733  2.536612453E-02 -4.205286026E-03 -3.450738664E-02 -6.063145994E-02 
       734  2.538344236E-02 -4.205291673E-03  7.260594863E-02  6.081154010E-01 
       735  2.536633445E-02 -4.204918505E-03 -3.623335855E-02 -6.319078064E-02 
       736  2.538349155E-02 -4.204871290E-03  7.067918343E-02  6.171499726E-01 
       737  2.536654575E-02 -4.204551344E-03 -3.859712358E-02 -6.680078259E-02 
       738  2.538353883E-02 -4.204449425E-03  6.869045833E-02  6.275057199E-01 
       739  2.536675751E-02 -4.204186211E-03 -4.140112030E-02 -7.110225301E-02 
       740  2.538358392E-02 -4.204027690E-03  6.672274118E-02  6.401551503E-01 
       741  2.536697038E-02 -4.203822000E-03 -4.440247911E-02 -7.565640102E-02 
       742  2.538362661E-02 -4.203607501E-03  6.467868755E-02  6.545002303E-01 
       743  2.536718452E-02 -4.203458533E-03 -4.716569008E-02 -7.972220308E-02 
       744  2.536740009E-02 -4.203095611E-03 -4.905125999E-02 -8.223090497E-02 
       745  2.538366697E-02 -4.203187577E-03  6.242509578E-02  6.697000094E-01 
       746  2.536761730E-02 -4.202732973E-03 -5.114205846E-02 -8.500904352E-02 
       747  2.538370497E-02 -4.202767196E-03  5.991444391E-02  6.857049550E-01 
       748  2.536783575E-02 -4.202371388E-03 -5.431460013E-02 -8.950130140E-02 
       749  2.538374053E-02 -4.202345966E-03  5.723717237E-02  7.041764989E-01 
       750  2.536805529E-02 -4.202011155E-03 -5.806319060E-02 -9.483354714E-02 
       751  2.538377347E-02 -4.201924945E-03  5.430442868E-02  7.246380034E-01 
       752  2.536827626E-02 -4.201651803E-03 -6.193067693E-02 -1.002357181E-01 
       753  2.538380366E-02 -4.201504168E-03  5.081307442E-02  7.436604136E-01 
       754  2.536849872E-02 -4.201293364E-03 -6.586392982E-02 -1.056114160E-01 
       755  2.538383102E-02 -4.201083197E-03  4.669891981E-02  7.605198882E-01 
       756  2.536872269E-02 -4.200935867E-03 -7.011470673E-02 -1.113536718E-01 
       757  2.536894833E-02 -4.200579209E-03 -7.469422974E-02 -1.174624022E-01 
       758  2.538385540E-02 -4.200662043E-03  4.207573304E-02  7.771821813E-01 
       759  2.536917548E-02 -4.200223727E-03 -7.900717719E-02 -1.229942352E-01 
       760  2.538387666E-02 -4.200240657E-03  3.698109699E-02  7.952567524E-01 
       761  2.536940429E-02 -4.199869312E-03 -8.310280136E-02 -1.280240456E-01 
       762  2.538389463E-02 -4.199819181E-03  3.136942740E-02  8.155991776E-01 
       763  2.536963482E-02 -4.199516010E-03 -8.729718073E-02 -1.330446986E-01 
       764  2.538390913E-02 -4.199397572E-03  2.507499849E-02  8.361303381E-01 
       765  2.536986717E-02 -4.199163796E-03 -9.163621001E-02 -1.381103333E-01 
       766  2.538391997E-02 -4.198975675E-03  1.797744297E-02  8.553211091E-01 
       767  2.537010135E-02 -4.198812785E-03 -9.588901542E-02 -1.428696123E-01 
       768  2.537033738E-02 -4.198463132E-03 -9.968895651E-02 -1.467754491E-01 
       769  2.538392691E-02 -4.198553867E-03  1.006624930E-02  8.754739513E-01 
       770  2.537057537E-02 -4.198114811E-03 -1.037892339E-01 -1.509351337E-01 
       771  2.538392972E-02 -4.198131953E-03  1.227635037E-03  8.985339245E-01 
       772  2.537081547E-02 -4.197767791E-03 -1.083425247E-01 -1.555529502E-01 
       773  2.538392812E-02 -4.197709623E-03 -8.748372201E-03  9.250293282E-01 
       774  2.537105789E-02 -4.197421971E-03 -1.139408861E-01 -1.614175717E-01 
       775  2.538392181E-02 -4.197287630E-03 -2.001111336E-02  9.519330674E-01 
       776  2.537130224E-02 -4.197078084E-03 -1.210691020E-01 -1.691545382E-01 
       777  2.538391046E-02 -4.196865923E-03 -3.277028918E-02  9.791655088E-01 
       778  2.537154888E-02 -4.196735839E-03 -1.280761549E-01 -1.763880477E-01 
       779  2.537179837E-02 -4.196394706E-03 -1.347008009E-01 -1.827303269E-01 
       780  2.538389365E-02 -4.196443944E-03 -4.733063748E-02  1.008920232E+00 
       781  2.537205033E-02 -4.196055481E-03 -1.415997471E-01 -1.890790870E-01 
       782  2.538387099E-02 -4.196022639E-03 -6.403703248E-02  1.041456142E+00 
       783  2.537230448E-02 -4.195718776E-03 -1.484709447E-01 -1.950049380E-01 
       784  2.538384198E-02 -4.195601779E-03 -8.333494534E-02  1.077101616E+00 
       785  2.537256161E-02 -4.195383857E-03 -1.563870052E-01 -2.018488996E-01 
       786  2.538380603E-02 -4.195181427E-03 -1.056078796E-01  1.114259531E+00 
       787  2.537282210E-02 -4.195050558E-03 -1.656615327E-01 -2.099299991E-01 
       788  2.537308504E-02 -4.194720396E-03 -1.758707504E-01 -2.185913669E-01 
       789  2.538376250E-02 -4.194761818E-03 -1.312550391E-01  1.151512390E+00 
       790  2.537335108E-02 -4.194392919E-03 -1.867609922E-01 -2.274249260E-01 
       791  2.538371062E-02 -4.194343143E-03 -1.614121760E-01  1.192308800E+00 
       792  2.537362081E-02 -4.194067823E-03 -1.984515015E-01 -2.364456683E-01 
       793  2.538364950E-02 -4.193925664E-03 -1.972129654E-01  1.237712264E+00 
       794  2.537389392E-02 -4.193745970E-03 -2.114801254E-01 -2.461863605E-01 
       795  2.537417065E-02 -4.193427560E-03 -2.247501268E-01 -2.552301047E-01 
       796  2.538357808E-02 -4.193509894E-03 -2.403109975E-01  1.288533884E+00 
       797  2.537445147E-02 -4.193112626E-03 -2.387714988E-01 -2.640075794E-01 
       798  2.538349510E-02 -4.193096276E-03 -2.923167452E-01  1.343728771E+00 
       799  2.537473655E-02 -4.192801633E-03 -2.546966643E-01 -2.736187182E-01 
       800  2.538339905E-02 -4.192685428E-03 -3.551445170E-01  1.400467580E+00 
       801  2.537502622E-02 -4.192494945E-03 -2.730087161E-01 -2.842580613E-01 
       802  2.537532085E-02 -4.192192982E-03 -2.939969968E-01 -2.958442548E-01 
       803  2.538328809E-02 -4.192278336E-03 -4.338098597E-01  1.464889415E+00 
       804  2.537562080E-02 -4.191896326E-03 -3.175896945E-01 -3.078279525E-01 
       805  2.538316002E-02 -4.191876384E-03 -5.307408145E-01  1.529418874E+00 
       806  2.537592649E-02 -4.191605613E-03 -3.441525676E-01 -3.200176210E-01 
       807  2.538301212E-02 -4.191481304E-03 -6.514483731E-01  1.590101066E+00 
       808  2.537623847E-02 -4.191321587E-03 -3.754173079E-01 -3.332531734E-01 
       809  2.537655722E-02 -4.191045246E-03 -4.133007557E-01 -3.481622565E-01 
       810  2.538284104E-02 -4.191095690E-03 -8.030887522E-01  1.643636652E+00 
       811  2.537688341E-02 -4.190777710E-03 -4.582712577E-01 -3.636379924E-01 
       812  2.538264280E-02 -4.190723312E-03 -9.918637870E-01  1.676100126E+00 
       813  2.537721777E-02 -4.190520420E-03 -5.128396008E-01 -3.796397720E-01 
       814  2.537756111E-02 -4.190275175E-03 -5.780873065E-01 -3.943298695E-01 
       815  2.538241278E-02 -4.190369680E-03 -1.219874748E+00  1.666393972E+00 
       816  2.537791423E-02 -4.190044363E-03 -6.578839446E-01 -4.064278617E-01 
       817  2.538214613E-02 -4.190042746E-03 -1.478330720E+00  1.582868908E+00 
       818  2.537827812E-02 -4.189830943E-03 -7.592643740E-01 -4.146797473E-01 
       819  2.537865372E-02 -4.189638854E-03 -8.886476989E-01 -4.136916317E-01 
       820  2.538183892E-02 -4.189753535E-03 -1.736592828E+00  1.394084812E+00 
       821  2.537904175E-02 -4.189473324E-03 -1.050789216E+00 -3.930141870E-01 
       822  2.538149047E-02 -4.189515738E-03 -1.928569535E+00  1.083678105E+00 
       823  2.537944239E-02 -4.189341239E-03 -1.249019632E+00 -3.357450017E-01 
       824  2.537985463E-02 -4.189251497E-03 -1.478490991E+00 -2.174533321E-01 
       825  2.538069592E-02 -4.189242607E-03 -1.910557268E+00  3.034859485E-01 
       826  2.538110573E-02 -4.189342711E-03 -1.994683901E+00  6.924627349E-01 
       827  2.538027497E-02 -4.189214885E-03 -1.714286819E+00 -9.384860199E-03 
